<!DOCTYPE html>
<html lang="en">
  <head>
    <meta charset="utf-8">
    <title>Bokeh Plot</title>
    <style>
      html, body {
        box-sizing: border-box;
        display: flow-root;
        height: 100%;
        margin: 0;
        padding: 0;
      }
    </style>
    <script type="text/javascript" src="https://cdn.bokeh.org/bokeh/release/bokeh-3.6.2.min.js"></script>
    <script type="text/javascript">
        Bokeh.set_log_level("info");
    </script>
  </head>
  <body>
    <div id="ab59d916-6d9d-4880-9948-94b97304b044" data-root-id="p1006" style="display: contents;"></div>
  
    <script type="application/json" id="ba83b125-bbcb-47ae-82eb-084bb118ca83">
      {"fc1ac021-a459-46c3-a2b0-b7e1891fc0d9":{"version":"3.6.2","title":"Bokeh Application","roots":[{"type":"object","name":"Figure","id":"p1006","attributes":{"width":700,"height":700,"sizing_mode":"stretch_both","x_range":{"type":"object","name":"FactorRange","id":"p1015","attributes":{"factors":["Transportation","Recreational","Educational","Social Services","Religious","Cultural","Public Safety","Commercial","Miscellaneous","Government","Health Services","Water Services","Public Restrooms"]}},"y_range":{"type":"object","name":"FactorRange","id":"p1016","attributes":{"factors":["Transportation","Recreational","Educational","Social Services","Religious","Cultural","Public Safety","Commercial","Miscellaneous","Government","Health Services","Water Services","Public Restrooms"]}},"x_scale":{"type":"object","name":"CategoricalScale","id":"p1017"},"y_scale":{"type":"object","name":"CategoricalScale","id":"p1018"},"title":{"type":"object","name":"Title","id":"p1013"},"outline_line_color":null,"renderers":[{"type":"object","name":"GlyphRenderer","id":"p1038","attributes":{"data_source":{"type":"object","name":"ColumnDataSource","id":"p1001","attributes":{"selected":{"type":"object","name":"Selection","id":"p1002","attributes":{"indices":[],"line_indices":[]}},"selection_policy":{"type":"object","name":"UnionRenderers","id":"p1003"},"data":{"type":"map","entries":[["facility1",["Transportation","Transportation","Transportation","Transportation","Transportation","Transportation","Transportation","Transportation","Transportation","Transportation","Transportation","Transportation","Transportation","Recreational","Recreational","Recreational","Recreational","Recreational","Recreational","Recreational","Recreational","Recreational","Recreational","Recreational","Recreational","Recreational","Educational","Educational","Educational","Educational","Educational","Educational","Educational","Educational","Educational","Educational","Educational","Educational","Educational","Social Services","Social Services","Social Services","Social Services","Social Services","Social Services","Social Services","Social Services","Social Services","Social Services","Social Services","Social Services","Social Services","Religious","Religious","Religious","Religious","Religious","Religious","Religious","Religious","Religious","Religious","Religious","Religious","Religious","Cultural","Cultural","Cultural","Cultural","Cultural","Cultural","Cultural","Cultural","Cultural","Cultural","Cultural","Cultural","Cultural","Public Safety","Public Safety","Public Safety","Public Safety","Public Safety","Public Safety","Public Safety","Public Safety","Public Safety","Public Safety","Public Safety","Public Safety","Public Safety","Commercial","Commercial","Commercial","Commercial","Commercial","Commercial","Commercial","Commercial","Commercial","Commercial","Commercial","Commercial","Commercial","Miscellaneous","Miscellaneous","Miscellaneous","Miscellaneous","Miscellaneous","Miscellaneous","Miscellaneous","Miscellaneous","Miscellaneous","Miscellaneous","Miscellaneous","Miscellaneous","Miscellaneous","Government","Government","Government","Government","Government","Government","Government","Government","Government","Government","Government","Government","Government","Health Services","Health Services","Health Services","Health Services","Health Services","Health Services","Health Services","Health Services","Health Services","Health Services","Health Services","Health Services","Health Services","Water Services","Water Services","Water Services","Water Services","Water Services","Water Services","Water Services","Water Services","Water Services","Water Services","Water Services","Water Services","Water Services","Public Restrooms","Public Restrooms","Public Restrooms","Public Restrooms","Public Restrooms","Public Restrooms","Public Restrooms","Public Restrooms","Public Restrooms","Public Restrooms","Public Restrooms","Public Restrooms","Public Restrooms"]],["facility2",["Transportation","Recreational","Educational","Social Services","Religious","Cultural","Public Safety","Commercial","Miscellaneous","Government","Health Services","Water Services","Public Restrooms","Transportation","Recreational","Educational","Social Services","Religious","Cultural","Public Safety","Commercial","Miscellaneous","Government","Health Services","Water Services","Public Restrooms","Transportation","Recreational","Educational","Social Services","Religious","Cultural","Public Safety","Commercial","Miscellaneous","Government","Health Services","Water Services","Public Restrooms","Transportation","Recreational","Educational","Social Services","Religious","Cultural","Public Safety","Commercial","Miscellaneous","Government","Health Services","Water Services","Public Restrooms","Transportation","Recreational","Educational","Social Services","Religious","Cultural","Public Safety","Commercial","Miscellaneous","Government","Health Services","Water Services","Public Restrooms","Transportation","Recreational","Educational","Social Services","Religious","Cultural","Public Safety","Commercial","Miscellaneous","Government","Health Services","Water Services","Public Restrooms","Transportation","Recreational","Educational","Social Services","Religious","Cultural","Public Safety","Commercial","Miscellaneous","Government","Health Services","Water Services","Public Restrooms","Transportation","Recreational","Educational","Social Services","Religious","Cultural","Public Safety","Commercial","Miscellaneous","Government","Health Services","Water Services","Public Restrooms","Transportation","Recreational","Educational","Social Services","Religious","Cultural","Public Safety","Commercial","Miscellaneous","Government","Health Services","Water Services","Public Restrooms","Transportation","Recreational","Educational","Social Services","Religious","Cultural","Public Safety","Commercial","Miscellaneous","Government","Health Services","Water Services","Public Restrooms","Transportation","Recreational","Educational","Social Services","Religious","Cultural","Public Safety","Commercial","Miscellaneous","Government","Health Services","Water Services","Public Restrooms","Transportation","Recreational","Educational","Social Services","Religious","Cultural","Public Safety","Commercial","Miscellaneous","Government","Health Services","Water Services","Public Restrooms","Transportation","Recreational","Educational","Social Services","Religious","Cultural","Public Safety","Commercial","Miscellaneous","Government","Health Services","Water Services","Public Restrooms"]],["x",["Transportation","Recreational","Educational","Social Services","Religious","Cultural","Public Safety","Commercial","Miscellaneous","Government","Health Services","Water Services","Public Restrooms","Transportation","Recreational","Educational","Social Services","Religious","Cultural","Public Safety","Commercial","Miscellaneous","Government","Health Services","Water Services","Public Restrooms","Transportation","Recreational","Educational","Social Services","Religious","Cultural","Public Safety","Commercial","Miscellaneous","Government","Health Services","Water Services","Public Restrooms","Transportation","Recreational","Educational","Social Services","Religious","Cultural","Public Safety","Commercial","Miscellaneous","Government","Health Services","Water Services","Public Restrooms","Transportation","Recreational","Educational","Social Services","Religious","Cultural","Public Safety","Commercial","Miscellaneous","Government","Health Services","Water Services","Public Restrooms","Transportation","Recreational","Educational","Social Services","Religious","Cultural","Public Safety","Commercial","Miscellaneous","Government","Health Services","Water Services","Public Restrooms","Transportation","Recreational","Educational","Social Services","Religious","Cultural","Public Safety","Commercial","Miscellaneous","Government","Health Services","Water Services","Public Restrooms","Transportation","Recreational","Educational","Social Services","Religious","Cultural","Public Safety","Commercial","Miscellaneous","Government","Health Services","Water Services","Public Restrooms","Transportation","Recreational","Educational","Social Services","Religious","Cultural","Public Safety","Commercial","Miscellaneous","Government","Health Services","Water Services","Public Restrooms","Transportation","Recreational","Educational","Social Services","Religious","Cultural","Public Safety","Commercial","Miscellaneous","Government","Health Services","Water Services","Public Restrooms","Transportation","Recreational","Educational","Social Services","Religious","Cultural","Public Safety","Commercial","Miscellaneous","Government","Health Services","Water Services","Public Restrooms","Transportation","Recreational","Educational","Social Services","Religious","Cultural","Public Safety","Commercial","Miscellaneous","Government","Health Services","Water Services","Public Restrooms","Transportation","Recreational","Educational","Social Services","Religious","Cultural","Public Safety","Commercial","Miscellaneous","Government","Health Services","Water Services","Public Restrooms"]],["y",["Transportation","Transportation","Transportation","Transportation","Transportation","Transportation","Transportation","Transportation","Transportation","Transportation","Transportation","Transportation","Transportation","Recreational","Recreational","Recreational","Recreational","Recreational","Recreational","Recreational","Recreational","Recreational","Recreational","Recreational","Recreational","Recreational","Educational","Educational","Educational","Educational","Educational","Educational","Educational","Educational","Educational","Educational","Educational","Educational","Educational","Social Services","Social Services","Social Services","Social Services","Social Services","Social Services","Social Services","Social Services","Social Services","Social Services","Social Services","Social Services","Social Services","Religious","Religious","Religious","Religious","Religious","Religious","Religious","Religious","Religious","Religious","Religious","Religious","Religious","Cultural","Cultural","Cultural","Cultural","Cultural","Cultural","Cultural","Cultural","Cultural","Cultural","Cultural","Cultural","Cultural","Public Safety","Public Safety","Public Safety","Public Safety","Public Safety","Public Safety","Public Safety","Public Safety","Public Safety","Public Safety","Public Safety","Public Safety","Public Safety","Commercial","Commercial","Commercial","Commercial","Commercial","Commercial","Commercial","Commercial","Commercial","Commercial","Commercial","Commercial","Commercial","Miscellaneous","Miscellaneous","Miscellaneous","Miscellaneous","Miscellaneous","Miscellaneous","Miscellaneous","Miscellaneous","Miscellaneous","Miscellaneous","Miscellaneous","Miscellaneous","Miscellaneous","Government","Government","Government","Government","Government","Government","Government","Government","Government","Government","Government","Government","Government","Health Services","Health Services","Health Services","Health Services","Health Services","Health Services","Health Services","Health Services","Health Services","Health Services","Health Services","Health Services","Health Services","Water Services","Water Services","Water Services","Water Services","Water Services","Water Services","Water Services","Water Services","Water Services","Water Services","Water Services","Water Services","Water Services","Public Restrooms","Public Restrooms","Public Restrooms","Public Restrooms","Public Restrooms","Public Restrooms","Public Restrooms","Public Restrooms","Public Restrooms","Public Restrooms","Public Restrooms","Public Restrooms","Public Restrooms"]],["similarity",[0.999999999999999,0.4599117169930259,0.2719395366261121,0.2910611312671778,0.25915890986625667,0.22565427358080425,0.2935709478938813,0.2879119464379702,0.22266750689558573,0.1997198233412108,0.17096028592529333,0.2686714597754592,0.41915214216241914,0.4599117169930259,1.0000000000000007,0.5092869047836609,0.585885106338023,0.5231371020892834,0.29486069286024463,0.48849724752218887,0.27940397849374804,0.2656966432033629,0.1832899900605219,0.28679864364718327,0.1962145339713604,0.779894472381299,0.2719395366261121,0.5092869047836609,1.0,0.6514492348017864,0.611065041184815,0.4025923974889151,0.4889867993057494,0.2744403259452444,0.23010907337041572,0.19801235304717008,0.2828947564288361,0.05189298123716156,0.5663667912122876,0.2910611312671778,0.585885106338023,0.6514492348017864,0.9999999999999988,0.7171360309666828,0.3853469068184195,0.5308171833828343,0.29295159988900393,0.25418249069863014,0.24023569982272236,0.319268667567841,0.08680896104399437,0.6663595368841579,0.25915890986625667,0.5231371020892834,0.611065041184815,0.7171360309666828,0.9999999999999991,0.468147601963949,0.4710304845825095,0.35455829362633884,0.25479649353313727,0.27242839241723293,0.2435973705314361,0.058175251829669566,0.6049768985123986,0.22565427358080425,0.29486069286024463,0.4025923974889151,0.3853469068184195,0.468147601963949,1.0000000000000013,0.3419987988719934,0.7314338078244309,0.3391892579393235,0.27438782880971857,0.1584314486600189,0.044094706899702435,0.4473289283939144,0.2935709478938813,0.48849724752218887,0.4889867993057494,0.5308171833828343,0.4710304845825095,0.3419987988719934,0.9999999999999984,0.33235331559073644,0.26530021019102307,0.256689333892232,0.23238316760354571,0.09423433832190453,0.5027714336523048,0.2879119464379702,0.27940397849374804,0.2744403259452444,0.29295159988900393,0.35455829362633884,0.7314338078244309,0.33235331559073644,0.9999999999999996,0.33292345453705136,0.4853739332189918,0.1286667465234906,0.13765945381913905,0.4065325577860566,0.22266750689558573,0.2656966432033629,0.23010907337041572,0.25418249069863014,0.25479649353313727,0.3391892579393235,0.26530021019102307,0.33292345453705136,0.9999999999999998,0.26579831681879434,0.2558671062828066,0.09236541422365604,0.31118437942237015,0.1997198233412108,0.1832899900605219,0.19801235304717008,0.24023569982272236,0.27242839241723293,0.27438782880971857,0.256689333892232,0.4853739332189918,0.26579831681879434,1.000000000000001,0.13149879747110246,0.0637199481745828,0.326021030067812,0.17096028592529333,0.28679864364718327,0.2828947564288361,0.319268667567841,0.2435973705314361,0.1584314486600189,0.23238316760354571,0.1286667465234906,0.2558671062828066,0.13149879747110246,0.9999999999999997,0.06292538840242579,0.25263622516055456,0.2686714597754592,0.1962145339713604,0.05189298123716156,0.08680896104399437,0.058175251829669566,0.044094706899702435,0.09423433832190453,0.13765945381913905,0.09236541422365604,0.0637199481745828,0.06292538840242579,0.9999999999999999,0.16640373894295205,0.41915214216241914,0.779894472381299,0.5663667912122876,0.6663595368841579,0.6049768985123986,0.4473289283939144,0.5027714336523048,0.4065325577860566,0.31118437942237015,0.326021030067812,0.25263622516055456,0.16640373894295205,1.0000000000000018]]]}}},"view":{"type":"object","name":"CDSView","id":"p1039","attributes":{"filter":{"type":"object","name":"AllIndices","id":"p1040"}}},"glyph":{"type":"object","name":"Rect","id":"p1035","attributes":{"x":{"type":"field","field":"x"},"y":{"type":"field","field":"y"},"width":{"type":"value","value":1.0},"height":{"type":"value","value":1.0},"line_color":{"type":"value","value":null},"line_alpha":{"type":"value","value":0.8},"fill_color":{"type":"field","field":"similarity","transform":{"type":"object","name":"LinearColorMapper","id":"p1005","attributes":{"palette":["#FEFBE9","#FCF7D5","#F5F3C1","#EAF0B5","#DDECBF","#D0E7CA","#C2E3D2","#B5DDD8","#A8D8DC","#9BD2E1","#8DCBE4","#81C4E7","#7BBCE7","#7EB2E4","#88A5DD"],"low":0,"high":1}}},"fill_alpha":{"type":"value","value":0.8},"hatch_alpha":{"type":"value","value":0.8}}},"nonselection_glyph":{"type":"object","name":"Rect","id":"p1036","attributes":{"x":{"type":"field","field":"x"},"y":{"type":"field","field":"y"},"width":{"type":"value","value":1.0},"height":{"type":"value","value":1.0},"line_color":{"type":"value","value":null},"line_alpha":{"type":"value","value":0.1},"fill_color":{"type":"field","field":"similarity","transform":{"id":"p1005"}},"fill_alpha":{"type":"value","value":0.1},"hatch_alpha":{"type":"value","value":0.1}}},"muted_glyph":{"type":"object","name":"Rect","id":"p1037","attributes":{"x":{"type":"field","field":"x"},"y":{"type":"field","field":"y"},"width":{"type":"value","value":1.0},"height":{"type":"value","value":1.0},"line_color":{"type":"value","value":null},"line_alpha":{"type":"value","value":0.2},"fill_color":{"type":"field","field":"similarity","transform":{"id":"p1005"}},"fill_alpha":{"type":"value","value":0.2},"hatch_alpha":{"type":"value","value":0.2}}}}}],"toolbar":{"type":"object","name":"Toolbar","id":"p1014","attributes":{"tools":[{"type":"object","name":"HoverTool","id":"p1029","attributes":{"renderers":"auto","tooltips":"\n        &lt;div style=\"font-family: Georgia, Palatino, serif; font-size: 8pt;\"&gt;\n            &lt;div&gt;&lt;span style=\"font-weight: bold;\"&gt;Facilities:&lt;/span&gt; @facility1 - @facility2&lt;/div&gt;\n            &lt;div&gt;&lt;span style=\"font-weight: bold;\"&gt;Similarity:&lt;/span&gt; @similarity{0.000}&lt;/div&gt;\n        &lt;/div&gt;\n        "}},{"type":"object","name":"SaveTool","id":"p1030"},{"type":"object","name":"ResetTool","id":"p1031"}]}},"toolbar_location":null,"left":[{"type":"object","name":"CategoricalAxis","id":"p1024","attributes":{"ticker":{"type":"object","name":"CategoricalTicker","id":"p1025"},"formatter":{"type":"object","name":"CategoricalTickFormatter","id":"p1026"},"major_label_standoff":0,"major_label_orientation":0,"major_label_policy":{"type":"object","name":"AllLabels","id":"p1027"},"major_label_text_font":"Georgia, Palatino, serif","major_label_text_font_size":"10px","axis_line_color":null,"major_tick_line_color":null}}],"right":[{"type":"object","name":"ColorBar","id":"p1042","attributes":{"visible":false,"location":[0,0],"height":300,"width":20,"title":"","ticker":{"type":"object","name":"BasicTicker","id":"p1041","attributes":{"desired_num_ticks":7,"mantissas":[1,2,5]}},"major_label_policy":{"type":"object","name":"NoOverlap","id":"p1043"},"label_standoff":6,"background_fill_color":null,"color_mapper":{"id":"p1005"}}}],"below":[{"type":"object","name":"CategoricalAxis","id":"p1019","attributes":{"ticker":{"type":"object","name":"CategoricalTicker","id":"p1020"},"formatter":{"type":"object","name":"CategoricalTickFormatter","id":"p1021"},"major_label_standoff":0,"major_label_orientation":0.9,"major_label_policy":{"type":"object","name":"AllLabels","id":"p1022"},"major_label_text_font":"Georgia, Palatino, serif","major_label_text_font_size":"10px","axis_line_color":null,"major_tick_line_color":null}}],"center":[{"type":"object","name":"Grid","id":"p1023","attributes":{"axis":{"id":"p1019"},"grid_line_color":null}},{"type":"object","name":"Grid","id":"p1028","attributes":{"dimension":1,"axis":{"id":"p1024"},"grid_line_color":null}}],"background_fill_color":null,"border_fill_color":null}}]}}
    </script>
    <script type="text/javascript">
      (function() {
        const fn = function() {
          Bokeh.safely(function() {
            (function(root) {
              function embed_document(root) {
              const docs_json = document.getElementById('ba83b125-bbcb-47ae-82eb-084bb118ca83').textContent;
              const render_items = [{"docid":"fc1ac021-a459-46c3-a2b0-b7e1891fc0d9","roots":{"p1006":"ab59d916-6d9d-4880-9948-94b97304b044"},"root_ids":["p1006"]}];
              root.Bokeh.embed.embed_items(docs_json, render_items);
              }
              if (root.Bokeh !== undefined) {
                embed_document(root);
              } else {
                let attempts = 0;
                const timer = setInterval(function(root) {
                  if (root.Bokeh !== undefined) {
                    clearInterval(timer);
                    embed_document(root);
                  } else {
                    attempts++;
                    if (attempts > 100) {
                      clearInterval(timer);
                      console.log("Bokeh: ERROR: Unable to run BokehJS code because BokehJS library is missing");
                    }
                  }
                }, 10, root)
              }
            })(window);
          });
        };
        if (document.readyState != "loading") fn();
        else document.addEventListener("DOMContentLoaded", fn);
      })();
    </script>
  </body>
</html>